penguins <-
structure(list(species = structure(c(1L, 1L, 1L, 1L, 1L, 1L, 
1L, 1L, 1L, 1L, 1L, 1L, 1L, 1L, 1L, 1L, 1L, 1L, 1L, 1L, 1L, 1L, 
1L, 1L, 1L, 1L, 1L, 1L, 1L, 1L, 1L, 1L, 1L, 1L, 1L, 1L, 1L, 1L, 
1L, 1L, 1L, 1L, 1L, 1L, 1L, 1L, 1L, 1L, 1L, 1L, 1L, 1L, 1L, 1L, 
1L, 1L, 1L, 1L, 1L, 1L, 1L, 1L, 1L, 1L, 1L, 1L, 1L, 1L, 1L, 1L, 
1L, 1L, 1L, 1L, 1L, 1L, 1L, 1L, 1L, 1L, 1L, 1L, 1L, 1L, 1L, 1L, 
1L, 1L, 1L, 1L, 1L, 1L, 1L, 1L, 1L, 1L, 1L, 1L, 1L, 1L, 1L, 1L, 
1L, 1L, 1L, 1L, 1L, 1L, 1L, 1L, 1L, 1L, 1L, 1L, 1L, 1L, 1L, 1L, 
1L, 1L, 1L, 1L, 1L, 1L, 1L, 1L, 1L, 1L, 1L, 1L, 1L, 1L, 1L, 1L, 
1L, 1L, 1L, 1L, 1L, 1L, 1L, 1L, 1L, 1L, 1L, 1L, 1L, 1L, 1L, 1L, 
1L, 1L, 3L, 3L, 3L, 3L, 3L, 3L, 3L, 3L, 3L, 3L, 3L, 3L, 3L, 3L, 
3L, 3L, 3L, 3L, 3L, 3L, 3L, 3L, 3L, 3L, 3L, 3L, 3L, 3L, 3L, 3L, 
3L, 3L, 3L, 3L, 3L, 3L, 3L, 3L, 3L, 3L, 3L, 3L, 3L, 3L, 3L, 3L, 
3L, 3L, 3L, 3L, 3L, 3L, 3L, 3L, 3L, 3L, 3L, 3L, 3L, 3L, 3L, 3L, 
3L, 3L, 3L, 3L, 3L, 3L, 3L, 3L, 3L, 3L, 3L, 3L, 3L, 3L, 3L, 3L, 
3L, 3L, 3L, 3L, 3L, 3L, 3L, 3L, 3L, 3L, 3L, 3L, 3L, 3L, 3L, 3L, 
3L, 3L, 3L, 3L, 3L, 3L, 3L, 3L, 3L, 3L, 3L, 3L, 3L, 3L, 3L, 3L, 
3L, 3L, 3L, 3L, 3L, 3L, 3L, 3L, 3L, 3L, 3L, 3L, 3L, 3L, 2L, 2L, 
2L, 2L, 2L, 2L, 2L, 2L, 2L, 2L, 2L, 2L, 2L, 2L, 2L, 2L, 2L, 2L, 
2L, 2L, 2L, 2L, 2L, 2L, 2L, 2L, 2L, 2L, 2L, 2L, 2L, 2L, 2L, 2L, 
2L, 2L, 2L, 2L, 2L, 2L, 2L, 2L, 2L, 2L, 2L, 2L, 2L, 2L, 2L, 2L, 
2L, 2L, 2L, 2L, 2L, 2L, 2L, 2L, 2L, 2L, 2L, 2L, 2L, 2L, 2L, 2L, 
2L, 2L), levels = c("Adelie", "Chinstrap", "Gentoo"), class = "factor"), 
    island = structure(c(3L, 3L, 3L, 3L, 3L, 3L, 3L, 3L, 3L, 
    3L, 3L, 3L, 3L, 3L, 3L, 3L, 3L, 3L, 3L, 3L, 1L, 1L, 1L, 1L, 
    1L, 1L, 1L, 1L, 1L, 1L, 2L, 2L, 2L, 2L, 2L, 2L, 2L, 2L, 2L, 
    2L, 2L, 2L, 2L, 2L, 2L, 2L, 2L, 2L, 2L, 2L, 1L, 1L, 1L, 1L, 
    1L, 1L, 1L, 1L, 1L, 1L, 1L, 1L, 1L, 1L, 1L, 1L, 1L, 1L, 3L, 
    3L, 3L, 3L, 3L, 3L, 3L, 3L, 3L, 3L, 3L, 3L, 3L, 3L, 3L, 3L, 
    2L, 2L, 2L, 2L, 2L, 2L, 2L, 2L, 2L, 2L, 2L, 2L, 2L, 2L, 2L, 
    2L, 1L, 1L, 1L, 1L, 1L, 1L, 1L, 1L, 1L, 1L, 1L, 1L, 1L, 1L, 
    1L, 1L, 3L, 3L, 3L, 3L, 3L, 3L, 3L, 3L, 3L, 3L, 3L, 3L, 3L, 
    3L, 3L, 3L, 2L, 2L, 2L, 2L, 2L, 2L, 2L, 2L, 2L, 2L, 2L, 2L, 
    2L, 2L, 2L, 2L, 2L, 2L, 2L, 2L, 1L, 1L, 1L, 1L, 1L, 1L, 1L, 
    1L, 1L, 1L, 1L, 1L, 1L, 1L, 1L, 1L, 1L, 1L, 1L, 1L, 1L, 1L, 
    1L, 1L, 1L, 1L, 1L, 1L, 1L, 1L, 1L, 1L, 1L, 1L, 1L, 1L, 1L, 
    1L, 1L, 1L, 1L, 1L, 1L, 1L, 1L, 1L, 1L, 1L, 1L, 1L, 1L, 1L, 
    1L, 1L, 1L, 1L, 1L, 1L, 1L, 1L, 1L, 1L, 1L, 1L, 1L, 1L, 1L, 
    1L, 1L, 1L, 1L, 1L, 1L, 1L, 1L, 1L, 1L, 1L, 1L, 1L, 1L, 1L, 
    1L, 1L, 1L, 1L, 1L, 1L, 1L, 1L, 1L, 1L, 1L, 1L, 1L, 1L, 1L, 
    1L, 1L, 1L, 1L, 1L, 1L, 1L, 1L, 1L, 1L, 1L, 1L, 1L, 1L, 1L, 
    1L, 1L, 1L, 1L, 1L, 1L, 1L, 1L, 1L, 1L, 1L, 1L, 2L, 2L, 2L, 
    2L, 2L, 2L, 2L, 2L, 2L, 2L, 2L, 2L, 2L, 2L, 2L, 2L, 2L, 2L, 
    2L, 2L, 2L, 2L, 2L, 2L, 2L, 2L, 2L, 2L, 2L, 2L, 2L, 2L, 2L, 
    2L, 2L, 2L, 2L, 2L, 2L, 2L, 2L, 2L, 2L, 2L, 2L, 2L, 2L, 2L, 
    2L, 2L, 2L, 2L, 2L, 2L, 2L, 2L, 2L, 2L, 2L, 2L, 2L, 2L, 2L, 
    2L, 2L, 2L, 2L, 2L), levels = c("Biscoe", "Dream", "Torgersen"
    ), class = "factor"), bill_length_mm = c(39.100000000000001, 
    39.5, 40.299999999999997, NA, 36.700000000000003, 39.299999999999997, 
    38.899999999999999, 39.200000000000003, 34.100000000000001, 
    42, 37.799999999999997, 37.799999999999997, 41.100000000000001, 
    38.600000000000001, 34.600000000000001, 36.600000000000001, 
    38.700000000000003, 42.5, 34.399999999999999, 46, 37.799999999999997, 
    37.700000000000003, 35.899999999999999, 38.200000000000003, 
    38.799999999999997, 35.299999999999997, 40.600000000000001, 
    40.5, 37.899999999999999, 40.5, 39.5, 37.200000000000003, 
    39.5, 40.899999999999999, 36.399999999999999, 39.200000000000003, 
    38.799999999999997, 42.200000000000003, 37.600000000000001, 
    39.799999999999997, 36.5, 40.799999999999997, 36, 44.100000000000001, 
    37, 39.600000000000001, 41.100000000000001, 37.5, 36, 42.299999999999997, 
    39.600000000000001, 40.100000000000001, 35, 42, 34.5, 41.399999999999999, 
    39, 40.600000000000001, 36.5, 37.600000000000001, 35.700000000000003, 
    41.299999999999997, 37.600000000000001, 41.100000000000001, 
    36.399999999999999, 41.600000000000001, 35.5, 41.100000000000001, 
    35.899999999999999, 41.799999999999997, 33.5, 39.700000000000003, 
    39.600000000000001, 45.799999999999997, 35.5, 42.799999999999997, 
    40.899999999999999, 37.200000000000003, 36.200000000000003, 
    42.100000000000001, 34.600000000000001, 42.899999999999999, 
    36.700000000000003, 35.100000000000001, 37.299999999999997, 
    41.299999999999997, 36.299999999999997, 36.899999999999999, 
    38.299999999999997, 38.899999999999999, 35.700000000000003, 
    41.100000000000001, 34, 39.600000000000001, 36.200000000000003, 
    40.799999999999997, 38.100000000000001, 40.299999999999997, 
    33.100000000000001, 43.200000000000003, 35, 41, 37.700000000000003, 
    37.799999999999997, 37.899999999999999, 39.700000000000003, 
    38.600000000000001, 38.200000000000003, 38.100000000000001, 
    43.200000000000003, 38.100000000000001, 45.600000000000001, 
    39.700000000000003, 42.200000000000003, 39.600000000000001, 
    42.700000000000003, 38.600000000000001, 37.299999999999997, 
    35.700000000000003, 41.100000000000001, 36.200000000000003, 
    37.700000000000003, 40.200000000000003, 41.399999999999999, 
    35.200000000000003, 40.600000000000001, 38.799999999999997, 
    41.5, 39, 44.100000000000001, 38.5, 43.100000000000001, 36.799999999999997, 
    37.5, 38.100000000000001, 41.100000000000001, 35.600000000000001, 
    40.200000000000003, 37, 39.700000000000003, 40.200000000000003, 
    40.600000000000001, 32.100000000000001, 40.700000000000003, 
    37.299999999999997, 39, 39.200000000000003, 36.600000000000001, 
    36, 37.799999999999997, 36, 41.5, 46.100000000000001, 50, 
    48.700000000000003, 50, 47.600000000000001, 46.5, 45.399999999999999, 
    46.700000000000003, 43.299999999999997, 46.799999999999997, 
    40.899999999999999, 49, 45.5, 48.399999999999999, 45.799999999999997, 
    49.299999999999997, 42, 49.200000000000003, 46.200000000000003, 
    48.700000000000003, 50.200000000000003, 45.100000000000001, 
    46.5, 46.299999999999997, 42.899999999999999, 46.100000000000001, 
    44.5, 47.799999999999997, 48.200000000000003, 50, 47.299999999999997, 
    42.799999999999997, 45.100000000000001, 59.600000000000001, 
    49.100000000000001, 48.399999999999999, 42.600000000000001, 
    44.399999999999999, 44, 48.700000000000003, 42.700000000000003, 
    49.600000000000001, 45.299999999999997, 49.600000000000001, 
    50.5, 43.600000000000001, 45.5, 50.5, 44.899999999999999, 
    45.200000000000003, 46.600000000000001, 48.5, 45.100000000000001, 
    50.100000000000001, 46.5, 45, 43.799999999999997, 45.5, 43.200000000000003, 
    50.399999999999999, 45.299999999999997, 46.200000000000003, 
    45.700000000000003, 54.299999999999997, 45.799999999999997, 
    49.799999999999997, 46.200000000000003, 49.5, 43.5, 50.700000000000003, 
    47.700000000000003, 46.399999999999999, 48.200000000000003, 
    46.5, 46.399999999999999, 48.600000000000001, 47.5, 51.100000000000001, 
    45.200000000000003, 45.200000000000003, 49.100000000000001, 
    52.5, 47.399999999999999, 50, 44.899999999999999, 50.799999999999997, 
    43.399999999999999, 51.299999999999997, 47.5, 52.100000000000001, 
    47.5, 52.200000000000003, 45.5, 49.5, 44.5, 50.799999999999997, 
    49.399999999999999, 46.899999999999999, 48.399999999999999, 
    51.100000000000001, 48.5, 55.899999999999999, 47.200000000000003, 
    49.100000000000001, 47.299999999999997, 46.799999999999997, 
    41.700000000000003, 53.399999999999999, 43.299999999999997, 
    48.100000000000001, 50.5, 49.799999999999997, 43.5, 51.5, 
    46.200000000000003, 55.100000000000001, 44.5, 48.799999999999997, 
    47.200000000000003, NA, 46.799999999999997, 50.399999999999999, 
